#epsg 0
#name Trajectory 4
#sorting chrono
#state 
#nframe enu
#fields t,l,px,py,pz,qx,qy,qz,qw,vx,vy,vz
0.000000000,0.000000000,0.000000000,100.000000000,10.000000000,0.000000000,0.000000000,0.000000000,1.000000000,63.423919657,-0.201332353,-0.020133235
1.000000000,63.424242405,63.423919657,99.798667647,9.979866765,0.030689839,0.032702149,0.030689839,0.998522327,63.168533917,-0.603186364,-0.060318636
2.000000000,126.595684920,126.592453574,99.195481283,9.919548128,0.059154296,0.067183286,0.059154296,0.994227310,62.658790787,-1.002611557,-0.100261156
3.000000000,189.262576857,189.251244360,98.192869726,9.819286973,0.085202413,0.103191887,0.085202413,0.987336079,61.896742821,-1.397999587,-0.139799959
4.000000000,251.175263107,251.147987181,96.794870140,9.679487014,0.108667007,0.140460447,0.108667007,0.978086819,60.885458517,-1.787758366,-0.178775837
5.000000000,312.087224983,312.033445698,95.007111774,9.500711177,0.129406119,0.178707839,0.129406119,0.966732445,59.629009962,-2.170318472,-0.217031847
6.000000000,371.756113142,371.662455660,92.836793302,9.283679330,0.147304224,0.217641807,0.147304224,0.953538135,58.132456429,-2.544139473,-0.254413947
7.000000000,429.944770650,429.794912089,90.292653829,9.029265383,0.162273207,0.256961553,0.162273207,0.938778767,56.401824011,-2.907716122,-0.290771612
8.000000000,486.422245036,486.196736100,87.384937707,8.738493771,0.174253084,0.296360415,0.174253084,0.922736273,54.444081355,-3.259584424,-0.325958442
9.000000000,540.964789294,540.640817456,84.125353283,8.412535328,0.183212473,0.335528593,0.183212473,0.905696938,52.267111599,-3.598327530,-0.359832753
10.000000000,593.356853536,592.907929055,80.527025753,8.052702575,0.189148797,0.374155901,0.189148797,0.887948662,49.879680632,-3.922581441,-0.392258144
11.000000000,643.392071648,642.787609687,76.604444312,7.660444431,0.192088232,0.411934542,0.192088232,0.869778222,47.291401796,-4.231040501,-0.423104050
12.000000000,690.874251511,690.079011482,72.373403811,7.237340381,0.192085383,0.448561843,0.192085383,0.851468546,44.512697175,-4.522462655,-0.452246265
13.000000000,735.618384143,734.591708658,67.850941156,6.785094116,0.189222715,0.483742962,0.189222715,0.833296031,41.554755634,-4.795674447,-0.479567445
14.000000000,777.451698549,776.146464292,63.055266708,6.305526671,0.183609719,0.517193521,0.183609719,0.815527930,38.429487759,-5.049575751,-0.504957575
15.000000000,816.214808935,814.575952050,58.005690957,5.800569096,0.175381838,0.548642143,0.175381838,0.798419827,35.149477899,-5.283144196,-0.528314420
16.000000000,851.763037095,849.725429950,52.722546761,5.272254676,0.164699154,0.577832884,0.164699154,0.782213229,31.727933498,-5.495439284,-0.549543928
17.000000000,883.968061788,881.453363448,47.227107477,4.722710748,0.151744850,0.604527515,0.151744850,0.767133290,28.178631907,-5.685606177,-0.568560618
18.000000000,912.720186491,909.631995355,41.541501300,4.154150130,0.136723472,0.628507658,0.136723472,0.753386693,24.515864911,-5.852879141,-0.585287914
19.000000000,937.931818499,934.147860265,35.688622159,3.568862216,0.119858979,0.649576737,0.119858979,0.741159708,20.754381179,-5.996584626,-0.599658463
20.000000000,959.543457853,954.902241444,29.692037533,2.969203753,0.101392632,0.667561742,0.101392632,0.730616444,16.909326879,-6.116143982,-0.611614398
21.000000000,977.535306699,971.811568324,23.575893551,2.357589355,0.081580718,0.682314772,0.081580718,0.721897309,12.996184689,-6.211075784,-0.621107578
22.000000000,991.952797933,984.807753012,17.364817767,1.736481777,0.060692143,0.693714364,0.060692143,0.715117689,9.030711449,-6.280997777,-0.628099778
23.000000000,1002.970928068,993.838464461,11.083819990,1.108381999,0.039005898,0.701666578,0.039005898,0.710366872,5.028874722,-6.325628408,-0.632562841
24.000000000,1011.076684755,998.867339183,4.758191582,0.475819158,0.016808453,0.706105839,0.016808453,0.707707210,1.006788491,-6.344787966,-0.634478797
25.000000000,1017.532110437,999.874127674,-1.586596383,-0.158659638,-0.005608936,0.706995527,-0.005608936,0.707173532,-3.019351722,-6.338399302,-0.633839930
26.000000000,1024.581475203,996.854775952,-7.924995686,-0.792499569,-0.027952953,0.704328300,-0.027952953,0.708772820,-7.033334071,-6.306488142,-0.630648814
27.000000000,1034.049172851,989.821441881,-14.231483827,-1.423148383,-0.049930969,0.698126165,-0.049930969,0.712484144,-11.018995666,-6.249182979,-0.624918298
28.000000000,1046.732274848,978.802446215,-20.480666807,-2.048066681,-0.071253782,0.688440275,-0.071253782,0.718258856,-14.960287655,-6.166714562,-0.616671456
29.000000000,1062.925448067,963.842158560,-26.647381369,-2.664738137,-0.091638331,0.675350479,-0.091638331,0.726021049,-18.841339845,-6.059414963,-0.605941496
30.000000000,1082.726452131,945.000818715,-32.706796332,-3.270679633,-0.110810344,0.658964598,-0.110810344,0.735668264,-22.646524610,-5.927716238,-0.592771624
31.000000000,1106.143417667,922.354294105,-38.634512569,-3.863451257,-0.128506916,0.639417465,-0.128506916,0.747072453,-26.360519813,-5.772148691,-0.577214869
32.000000000,1133.134673332,895.993774291,-44.406661261,-4.440666126,-0.144478979,0.616869716,-0.144478979,0.760081182,-29.968370507,-5.593338739,-0.559333874
33.000000000,1163.625680588,866.025403784,-50.000000000,-5.000000000,-0.158493649,0.591506351,-0.158493649,0.774519053,-33.455549150,-5.392006387,-0.539200639
34.000000000,1197.517246487,832.569854635,-55.392006387,-5.539200639,-0.170336419,0.563535079,-0.170336419,0.790189359,-36.808014104,-5.168962327,-0.516896233
35.000000000,1234.690022218,795.761840531,-60.560968714,-6.056096871,-0.179813195,0.533184460,-0.179813195,0.806875927,-40.012266177,-4.925104681,-0.492510468
36.000000000,1275.007272462,755.749574354,-65.486073395,-6.548607339,-0.186752137,0.500701856,-0.186752137,0.824345152,-43.055402975,-4.661415376,-0.466141538
37.000000000,1318.316784196,712.694171379,-70.147488771,-7.014748877,-0.191005305,0.466351224,-0.191005305,0.842348196,-45.925170863,-4.378956197,-0.437895620
38.000000000,1364.452327204,666.769000516,-74.526444968,-7.452644497,-0.192450083,0.430410752,-0.192450083,0.860623330,-48.610014296,-4.078864507,-0.407886451
39.000000000,1413.234875281,618.158986221,-78.605309474,-7.860530947,-0.190990374,0.393170374,-0.190990374,0.878898408,-51.099122358,-3.762348669,-0.376234867
40.000000000,1464.473699681,567.059863863,-82.367658143,-8.236765814,-0.186557554,0.354929181,-0.186557554,0.896893435,-53.382472289,-3.430683181,-0.343068318
41.000000000,1517.967396793,513.677391573,-85.798341323,-8.579834132,-0.179111176,0.315992750,-0.179111176,0.914323223,-55.450869846,-3.085203542,-0.308520354
42.000000000,1573.504885324,458.226521727,-88.883544865,-8.888354487,-0.168639419,0.276670416,-0.168639419,0.930900088,-57.295986321,-2.727300878,-0.272730088
43.000000000,1630.866393326,400.930535407,-91.610845743,-9.161084574,-0.155159271,0.237272518,-0.155159271,0.946336596,-58.910392081,-2.358416335,-0.235841634
44.000000000,1689.824446585,342.020143326,-93.969262079,-9.396926208,-0.138716457,0.198107632,-0.138716457,0.960348299,-60.287586484,-1.980035283,-0.198003528
45.000000000,1750.144864597,281.732556841,-95.949297361,-9.594929736,-0.119385101,0.159479824,-0.119385101,0.972656456,-61.422024055,-1.593681327,-0.159368133
46.000000000,1811.587767014,220.310532787,-97.542978689,-9.754297869,-0.097267129,0.121685952,-0.097267129,0.982990712,-62.309136813,-1.200910179,-0.120091018
47.000000000,1873.908591282,158.001395973,-98.743888868,-9.874388887,-0.072491421,0.085013025,-0.072491421,0.991091708,-62.945352669,-0.803303390,-0.080330339
48.000000000,1936.859120843,95.056043304,-99.547192257,-9.954719226,-0.045212714,0.049735663,-0.045212714,0.996713592,-63.328109806,-0.402461981,-0.040246198
49.000000000,2000.188522285,31.727933498,-99.949654238,-9.994965424,-0.015610273,0.016113667,-0.015610273,0.999626424,-63.455866996,0.000000000,0.000000000
50.000000000,2063.644389281,-31.727933498,-99.949654238,-9.994965424,0.016113667,-0.015610273,0.016113667,0.999618437,-63.328109806,0.402461981,0.040246198
51.000000000,2126.973790723,-95.056043304,-99.547192257,-9.954719226,0.049735663,-0.045212714,0.049735663,0.996498138,-62.945352669,0.803303390,0.080330339
52.000000000,2189.924320284,-158.001395973,-98.743888868,-9.874388887,0.085013025,-0.072491421,0.085013025,0.990096240,-62.309136813,1.200910179,0.120091018
53.000000000,2252.245144552,-220.310532787,-97.542978689,-9.754297869,0.121685952,-0.097267129,0.121685952,0.980267394,-61.422024055,1.593681327,0.159368133
54.000000000,2313.688046969,-281.732556841,-95.949297361,-9.594929736,0.159479824,-0.119385101,0.159479824,0.966891705,-60.287586484,1.980035283,0.198003528
55.000000000,2374.008464982,-342.020143326,-93.969262079,-9.396926208,0.198107632,-0.138716457,0.198107632,0.949876032,-58.910392081,2.358416335,0.235841634
56.000000000,2432.966518240,-400.930535407,-91.610845743,-9.161084574,0.237272518,-0.155159271,0.237272518,0.929155049,-57.295986321,2.727300878,0.272730088
57.000000000,2490.328026242,-458.226521727,-88.883544865,-8.888354487,0.276670416,-0.168639419,0.276670416,0.904692052,-55.450869846,3.085203542,0.308520354
58.000000000,2545.865514773,-513.677391573,-85.798341323,-8.579834132,0.315992750,-0.179111176,0.315992750,0.876479521,-53.382472289,3.430683181,0.343068318
59.000000000,2599.359211885,-567.059863863,-82.367658143,-8.236765814,0.354929181,-0.186557554,0.354929181,0.844539420,-51.099122358,3.762348669,0.376234867
60.000000000,2650.598036285,-618.158986221,-78.605309474,-7.860530947,0.393170374,-0.190990374,0.393170374,0.808923229,-48.610014296,4.078864507,0.407886451
61.000000000,2699.380584362,-666.769000516,-74.526444968,-7.452644497,0.430410752,-0.192450083,0.430410752,0.769711722,-45.925170863,4.378956197,0.437895620
62.000000000,2745.516127371,-712.694171379,-70.147488771,-7.014748877,0.466351224,-0.191005305,0.466351224,0.727014473,-43.055402975,4.661415376,0.466141538
63.000000000,2788.825639104,-755.749574354,-65.486073395,-6.548607339,0.500701856,-0.186752137,0.500701856,0.680969119,-40.012266177,4.925104681,0.492510468
64.000000000,2829.142889349,-795.761840531,-60.560968714,-6.056096871,0.533184460,-0.179813195,0.533184460,0.631740357,-36.808014104,5.168962327,0.516896233
65.000000000,2866.315665079,-832.569854635,-55.392006387,-5.539200639,0.563535079,-0.170336419,0.563535079,0.579518708,-33.455549150,5.392006387,0.539200639
66.000000000,2900.207230979,-866.025403784,-50.000000000,-5.000000000,0.591506351,-0.158493649,0.591506351,0.524519053,-29.968370507,5.593338739,0.559333874
67.000000000,2930.698238235,-895.993774291,-44.406661261,-4.440666126,0.616869716,-0.144478979,0.616869716,0.466978942,-26.360519813,5.772148691,0.577214869
68.000000000,2957.689493899,-922.354294105,-38.634512569,-3.863451257,0.639417465,-0.128506916,0.639417465,0.407156706,-22.646524610,5.927716238,0.592771624
69.000000000,2981.106459435,-945.000818715,-32.706796332,-3.270679633,0.658964598,-0.110810344,0.658964598,0.345329386,-18.841339845,6.059414963,0.605941496
70.000000000,3000.907463499,-963.842158560,-26.647381369,-2.664738137,0.675350479,-0.091638331,0.675350479,0.281790484,-14.960287655,6.166714562,0.616671456
71.000000000,3017.100636718,-978.802446215,-20.480666807,-2.048066681,0.688440275,-0.071253782,0.688440275,0.216847580,-11.018995666,6.249182979,0.624918298
72.000000000,3029.783738715,-989.821441881,-14.231483827,-1.423148383,0.698126165,-0.049930969,0.698126165,0.150819809,-7.033334071,6.306488142,0.630648814
73.000000000,3039.251436364,-996.854775952,-7.924995686,-0.792499569,0.704328300,-0.027952953,0.704328300,0.084035250,-3.019351722,6.338399302,0.633839930
74.000000000,3046.300801129,-999.874127674,-1.586596383,-0.158659638,0.706995527,-0.005608936,0.706995527,0.016828219,1.006788491,6.344787966,0.634478797
75.000000000,3052.756226811,-998.867339183,4.758191582,0.475819158,0.706105839,0.016808453,0.706105839,-0.050463480,5.028874722,6.325628408,0.632562841
76.000000000,3060.861983498,-993.838464461,11.083819990,1.108381999,0.701666578,0.039005898,0.701666578,-0.117501347,9.030711449,6.280997777,0.628099778
77.000000000,3071.880113633,-984.807753012,17.364817767,1.736481777,0.693714364,0.060692143,0.693714364,-0.183948976,12.996184689,6.211075784,0.621107578
78.000000000,3086.297604867,-971.811568324,23.575893551,2.357589355,0.682314772,0.081580718,0.682314772,-0.249474827,16.909326879,6.116143982,0.611614398
79.000000000,3104.289453713,-954.902241444,29.692037533,2.969203753,0.667561742,0.101392632,0.667561742,-0.313754960,20.754381179,5.996584626,0.599658463
80.000000000,3125.901093068,-934.147860265,35.688622159,3.568862216,0.649576737,0.119858979,0.649576737,-0.376475696,24.515864911,5.852879141,0.585287914
81.000000000,3151.112725075,-909.631995355,41.541501300,4.154150130,0.628507658,0.136723472,0.628507658,-0.437336187,28.178631907,5.685606177,0.568560618
82.000000000,3179.864849778,-881.453363448,47.227107477,4.722710748,0.604527515,0.151744850,0.604527515,-0.496050872,31.727933498,5.495439284,0.549543928
83.000000000,3212.069874472,-849.725429950,52.722546761,5.272254676,0.577832884,0.164699154,0.577832884,-0.552351794,35.149477899,5.283144196,0.528314420
84.000000000,3247.618102632,-814.575952050,58.005690957,5.800569096,0.548642143,0.175381838,0.548642143,-0.605990765,38.429487759,5.049575751,0.504957575
85.000000000,3286.381213018,-776.146464292,63.055266708,6.305526671,0.517193521,0.183609719,0.517193521,-0.656741346,41.554755634,4.795674447,0.479567445
86.000000000,3328.214527423,-734.591708658,67.850941156,6.785094116,0.483742962,0.189222715,0.483742962,-0.704400637,44.512697175,4.522462655,0.452246265
87.000000000,3372.958660055,-690.079011482,72.373403811,7.237340381,0.448561843,0.192085383,0.448561843,-0.748790860,47.291401796,4.231040501,0.423104050
88.000000000,3420.440839918,-642.787609687,76.604444312,7.660444431,0.411934542,0.192088232,0.411934542,-0.789760709,49.879680632,3.922581441,0.392258144
89.000000000,3470.476058031,-592.907929055,80.527025753,8.052702575,0.374155901,0.189148797,0.374155901,-0.827186470,52.267111599,3.598327530,0.359832753
90.000000000,3522.868122273,-540.640817456,84.125353283,8.412535328,0.335528593,0.183212473,0.335528593,-0.860972890,54.444081355,3.259584424,0.325958442
91.000000000,3577.410666530,-486.196736100,87.384937707,8.738493771,0.296360415,0.174253084,0.296360415,-0.891053798,56.401824011,2.907716122,0.290771612
92.000000000,3633.888140916,-429.794912089,90.292653829,9.029265383,0.256961553,0.162273207,0.256961553,-0.917392461,58.132456429,2.544139473,0.254413947
93.000000000,3692.076798424,-371.662455660,92.836793302,9.283679330,0.217641807,0.147304224,0.217641807,-0.939981677,59.629009962,2.170318472,0.217031847
94.000000000,3751.745686583,-312.033445698,95.007111774,9.500711177,0.178707839,0.129406119,0.178707839,-0.958843612,60.885458517,1.787758366,0.178775837
95.000000000,3812.657648459,-251.147987181,96.794870140,9.679487014,0.140460447,0.108667007,0.140460447,-0.974029367,61.896742821,1.397999587,0.139799959
96.000000000,3874.570334709,-189.251244360,98.192869726,9.819286973,0.103191887,0.085202413,0.103191887,-0.985618292,62.658790787,1.002611557,0.100261156
97.000000000,3937.237226647,-126.592453574,99.195481283,9.919548128,0.067183286,0.059154296,0.067183286,-0.993717053,63.168533917,0.603186364,0.060318636
98.000000000,4000.408669161,-63.423919657,99.798667647,9.979866765,0.032702149,0.030689839,0.032702149,-0.998458448,63.423919657,0.201332353,0.020133235
99.000000000,4063.832911566,-0.000000000,100.000000000,10.000000000,0.000000000,0.000000000,0.000000000,-1.000000000,0.000000000,0.000000000,0.000000000
